	Sp_ds	Sp_hs	Sp_log	Sp_plat
Q09748	4.00	0.07	16.84	26.37
O60164	24.55	116.87	220.53	28.82
c5161_g1_i1	107.49	89.39	26.95	698.97
P36614	27.91	72.57	5.56	36.58
P37818	82.57	19.03	48.55	258.22
Q9URZ2	109.25	0.00	1.69	249.04
Q9UTS7	26.55	88.25	296.03	20.74
P41887	863.50	8798.74	2081.02	53.46
O14284	86.52	34.05	6.62	77.17
O94315	544.55	88.38	9.00	770.03
P40372	107.79	220.35	259.27	28.43
Q10286	72.46	18.65	64.38	174.75
O14400	249.73	28.59	12.40	6.47
P78831	2369.93	44.61	150.75	892.83
P33289	29.10	5.94	14.59	266.16
O74777	9.16	82.47	127.65	13.10
O60184	35.91	2.91	65.65	43.84
O13737	69.61	44.53	11.11	153.07
O13639	199.51	522.24	741.82	97.39
O94580	26.75	229.84	13.74	34.84
O14082	1442.26	1152.68	12.50	25.09
O60153	66.56	328.39	29.93	505.78
O74391	111.67	466.24	367.75	38.03
Q9P783	9.28	50.49	143.92	8.85
O14044	11.29	67.91	149.32	24.13
Q09912	507.70	3337.65	124.36	272.22
Q9Y7R8	1349.40	838.75	131.87	4300.45
O94425	367.79	408.65	3.11	118.68
O94547	386.60	218.24	16.24	239.29
O14359	531.51	1074.84	84.40	182.85
O74378	304.61	117.15	63.24	589.38
O14131	233.66	137.53	12.59	344.19
P87136	61.98	41.10	5.90	83.73
c5110_g1_i1	423.15	260.02	109.10	951.56
B5BP47	14.42	4.68	55.06	3.40
O13908	55.11	26.70	1.81	42.47
O59715	157.25	22.91	73.92	773.19
O59812	267.81	3.72	5.84	14.06
O74492	140.22	33.55	32.35	398.32
O42654	13.26	72.12	1.21	78.23
O14020	132.94	69.22	8.00	141.27
O94639	53.16	12.58	139.66	56.72
c1382_g1_i1	0.00	1.30	1.85	48.91
O94733	703.76	364.70	20.14	553.02
c6221_g1_i1	5.85	0.00	1.96	215.17
O13947	6.99	9.93	20.74	0.00
O14150	297.72	479.66	1206.82	57.91
Q9HDU5	313.39	20.42	13.10	226.83
O74380	36.33	27.48	0.00	28.05
Q9URX6	980.77	3626.94	2582.58	407.78
O13716	22.08	60.73	85.56	5.64
P40899	24.14	61.16	22.28	2.96
Q09802	737.01	32.39	23.01	5883.71
P22189	3.58	82.61	7.18	5.85
Q04800	6.09	2.34	115.56	3.96
O14124	267.26	139.17	44.23	1043.91
Q9Y7X7	930.28	839.49	21.27	474.16
P04551	17.94	40.88	0.00	57.87
Q09916	9.93	78.40	152.12	11.27
Q9P7E7	22.55	162.08	246.38	32.09
O42893	604.12	637.67	40.04	308.31
Q92345	185.97	1057.35	3644.47	574.41
B8I799	29.61	13.91	4.67	406.54
O60128	1222.34	2630.18	3051.28	371.90
O59855	2187.25	12645.55	3456.67	73.59
O74380	0.00	0.00	43.83	19.74
Q9P3U6	94.19	0.00	5.35	0.00
P17476	271.27	1255.70	869.40	32.48
Q10306	1406.86	531.82	175.71	2257.48
O60071	11.44	46.53	126.26	34.43
Q9USG8	256.63	80.09	13.31	74.69
Q10265	952.65	4871.26	592.76	47.82
Q9Y7N6	29.26	12.01	9.80	178.97
Q9Y7Q3	23.78	2.91	0.00	41.20
Q11118	733.48	3351.38	810.50	155.54
O13991	1049.77	561.52	83.32	316.13
P87058	39.87	250.54	300.38	32.21
O42842	38.19	213.23	380.54	13.01
O59759	21.35	15.59	0.00	46.00
Q10216	1151.38	23.46	6.27	1644.86
Q9HDU3	166.83	31.53	8.48	59.18
O59932	525.96	26.39	9.95	29.38
c933_g1_i2	2.69	211.34	1.24	1.67
O13724	32.81	1338.20	190.26	28.04
Q9P6J6	17.85	121.65	20.36	8.94
c4446_g2_i1	21.40	111.83	2.53	18.59
Q9UT24	5.79	8.09	11.58	0.00
Q09179	27.36	16.74	344.22	23.70
Q10367	15.45	7.18	0.00	26.91
Q9P3U7	176.19	30.36	314.33	391.02
O74399	16.47	70.81	139.33	15.47
P09202	635.06	13.37	15.43	2282.34
Q9P7Q6	28.59	41.58	3.82	57.46
P08093	189.65	526.52	718.20	50.39
Q09715	0.00	9.92	29.03	5.63
Q9USV2	0.00	37.33	15.08	11.41
Q9C0U6	64.78	36.31	15.15	161.99
O59814	263.31	16.02	1.86	175.77
Q9UTP0	82.55	453.10	364.31	4.22
Q9UTH5	62.64	17.55	245.36	211.44
P0C8R3	418.08	1156.20	849.89	97.37
O59768	0.00	0.00	0.00	50.74
O94629	52.20	1267.17	86.53	216.30
O13869	18.80	170.48	43.98	8.80
P78970	3.88	0.00	0.00	19.83
Q9URV9	12.69	365.12	26.87	2.88
P87229	47.64	32.55	2.29	50.88
Q9P7L8	10.97	7.81	1.54	38.68
c2439_g1_i1	17.00	21.41	349.11	19.20
O60079	4.21	52.26	0.00	0.00
Q9Y816	23.35	195.05	10.58	29.25
c6492_g1_i1	235.68	844.12	885.50	86.29
O14069	626.58	1912.00	2921.57	165.35
O13912	605.35	83.01	26.69	455.30
O74496	6.11	5.04	3.25	68.72
O13857	41.63	6.69	3.57	46.17
Q9UT59	36.36	236.29	46.56	14.23
Q9P6M2	76.90	20.05	3.26	131.39
Q9P6I8	65.39	12.21	10.04	249.56
O13784	531.87	1535.45	1158.99	171.40
O42665	2496.22	1208.94	39.97	1603.18
Q9C0W5	163.70	45.02	20.76	353.78
Q09713	7.58	56.02	54.19	0.00
O60136	50.95	16.42	8.58	86.63
Q9HDW7	84.94	57.93	19.70	154.48
O94599	52.15	24.39	11.59	120.97
Q9UUG1	12.22	66.32	159.30	16.05
O74333	97.55	17.40	0.00	6.31
Q09100	2.38	14.51	76.35	6.48
O60143	1060.29	3147.71	2910.37	269.65
P0CT34	13.96	212.06	52.48	41.97
P40387	925.70	1760.39	114.18	264.24
O14062	487.70	2200.08	1634.91	153.48
c4438_g1_i2	4.15	8.64	5.25	78.37
c1541_g1_i1	82.55	6.20	1.10	407.14
Q09889	2.36	5.25	0.00	185.25
Q09920	8.79	6.45	331.50	3.12
Q9USP8	462.23	170.65	82.65	1343.03
P87157	12.43	11.87	3.23	77.00
c5038_g1_i1	835.97	6594.79	178.12	1313.01
c5928_g1_i1	8785.03	11720.86	291.58	17505.61
Q9URT2	8.17	0.00	17.47	15.98
O13780	83.04	14.87	47.95	156.84
P14068	27.94	76.55	54.81	0.00
Q09864	444.06	2369.25	565.50	69.82
P21911	614.49	327.72	153.28	1178.15
O59838	278.06	2036.46	695.91	104.17
O14050	0.00	24.85	0.00	11.58
Q09688	102.80	42.68	18.55	1446.50
Q9P6K9	16.99	51.97	158.52	15.09
P0CT42	0.00	73.98	13.76	0.00
O74914	962.90	182.78	8.39	677.21
Q9P782	310.16	1986.52	301.97	118.05
Q9P378	41.19	140.60	802.08	95.31
Q9C105	7.51	21.76	71.21	10.32
O13614	721.75	1617.63	1853.49	229.36
Q10499	336.87	47.83	8.52	169.56
Q10327	761.83	69.56	20.51	188.08
Q9Y7P0	167.67	65.19	35.31	833.93
Q9USN5	105.64	22.08	9.56	267.43
O13912	90.22	40.65	0.00	53.32
Q9P3U6	159.05	1.60	1.14	11.61
Q9P6I7	17.22	15.75	191.70	29.03
O13972	243.96	490.61	856.72	79.03
Q09892	14.47	13.00	0.00	52.57
Q9P778	73.80	656.12	40.92	48.25
O94698	3.86	57.58	117.69	7.89
c2673_g2_i1	30.87	8.36	0.00	33.98
c6038_g1_i1	7.37	38.05	0.00	37.67
P79013	393.32	1068.55	1223.96	113.66
O94602	128.36	112.60	23.66	325.29
O13945	13.67	0.00	13.86	29.72
O60198	47.54	331.33	756.09	26.34
Q9HGL6	17.35	168.35	197.83	46.65
P78797	19.60	243.83	14.88	54.98
O59675	780.67	2435.09	2228.73	145.31
Q09745	314.75	1377.55	107.76	221.22
O13889	42.25	25.90	9.65	116.26
O74791	13.80	102.64	206.92	46.99
Q9UUH8	39.18	0.00	12.09	111.88
Q9UT63	276.18	69.36	4.12	90.22
Q09740	0.00	4.91	10.00	26.34
O13725	215.06	56.05	6.59	629.04
O94440	1619.81	631.10	17.44	1222.13
Q10111	33.30	8.49	3.22	0.00
Q9USI5	367.94	2611.91	362.31	101.21
O42909	867.49	1077.02	58.95	1174.82
Q9UUC1	353.64	1331.03	1402.56	109.40
c2248_g1_i2	12.35	0.00	1.59	111.70
O74395	54.05	13.88	322.91	68.43
O13802	18.22	95.23	190.04	30.24
Q8TPV2	4172.13	2138.13	10.83	899.42
c5525_g1_i1	8.36	0.00	2.26	95.08
Q10101	1763.87	4578.67	5506.98	720.04
O43120	28.34	38.66	0.05	13.52
Q9UTI1	0.00	0.00	7.98	95.18
Q9P7B4	185.91	670.81	65.52	199.51
O14317	255.90	1057.34	1158.57	7.20
O59721	19.79	0.00	10.89	30.95
O13772	36.91	116.24	8.79	42.84
c2826_g1_i1	0.00	111.77	0.00	0.00
P78972	4.67	22.20	81.46	8.96
O59858	1529.49	3235.30	143.54	1980.15
P87147	383.44	994.83	973.19	107.32
O94487	15.78	158.80	7.67	64.00
Q96WU9	61.35	0.00	2.95	79.54
Q10352	38.49	361.16	47.19	37.88
O14367	60.79	8.81	7.40	251.67
O94435	325.45	603.49	42.01	686.98
O94721	8.50	26.50	85.62	0.00
c3069_g1_i1	12.00	295.63	8.03	12.27
O74215	88.92	6.47	6.66	939.95
O94599	2.80	0.00	0.00	21.42
P78812	5073.93	4018.74	691.17	323.68
Q9URZ1	20.49	2.31	5.75	66.16
P78798	76.88	16.73	7.31	485.63
O74899	7.27	4.11	0.00	207.70
O94402	24.25	11.63	6.72	88.20
c6428_g1_i1	0.00	127.54	0.00	0.00
P24488	1183.44	717.13	31.73	2260.66
Q96WW3	12.98	120.05	189.72	62.53
O36021	0.00	0.00	33.16	0.00
c1910_g1_i1	2.25	0.00	0.00	75.45
c5946_g1_i1	166.45	1481.30	142.46	146.15
Q9P7K6	2360.17	8144.43	67.99	434.08
Q10066	185.69	721.94	1503.96	184.21
c3245_g1_i1	45.20	1.25	28.45	2.72
O74888	155.60	693.05	30.09	143.68
Q9P7B2	568.98	3038.47	2262.96	154.41
O94268	14.34	79.99	188.08	19.54
O74875	1.64	122.56	23.07	18.47
Q8NKC2	299.34	6.55	4.92	245.54
O74470	306.89	60.57	2.39	21.96
c4471_g2_i2	1616.22	1895.55	211.99	1117.95
O14369	20.98	33.34	114.79	10.85
O94564	247.03	31.97	12.82	495.41
O13901	897.04	162.24	71.65	876.48
O94342	14.29	7.78	5.08	87.12
O13848	969.14	687.76	50.14	960.57
O42889	70.13	4.75	3.38	108.18
c1292_g1_i1	41.34	0.00	0.00	98.93
Q9HDU6	15.07	22.45	92.45	7.24
Q7Z9I0	22.97	15.46	213.35	122.11
O13905	39.54	162.69	46.53	16.32
P14068	21.09	0.00	0.03	19.77
O14123	0.00	83.34	11.09	10.27
O13901	0.00	0.00	37.56	0.00
O74959	349.82	75.67	47.10	452.04
c6384_g1_i1	7.53	1000.48	3.36	18.80
O14363	74.54	283.67	393.45	31.33
Q92339	221.05	87.07	2.56	93.49
Q10195	1530.48	2751.82	81.26	938.56
c5136_g1_i1	23.15	304.05	105.77	352.16
c4957_g1_i1	2136.53	4218.78	23.29	2462.47
Q9UTE5	4.54	26.02	0.00	3.19
O94358	173.62	115.58	13.94	177.74
O94462	120.38	39.17	19.19	183.10
O13854	34.24	192.20	196.26	15.83
P08093	925.31	2348.90	2768.00	379.99
O36029	144.24	3.27	0.00	767.83
O13990	112.10	247.43	52.84	726.10
Q9Y7K0	330.44	111.89	32.40	407.89
Q09903	4.65	32.73	76.03	17.58
O13966	1278.80	556.42	250.28	2885.78
Q9URU6	9.46	53.99	245.08	5.37
c6243_g1_i1	410.60	2323.42	2133.01	222.67
O74191	15.74	156.08	547.92	21.44
O60144	752.29	2782.88	2041.03	340.25
c3801_g1_i1	87.74	28.30	3.67	97.12
O42663	418.75	2421.90	52.84	353.08
Q9P5M9	364.70	42.88	5.24	545.21
Q9C0Y4	2600.48	21.41	15.26	3106.78
O74325	58.23	11.75	8.83	135.39
Q9UUJ9	281.74	32.15	27.64	805.86
O14258	3.67	5.96	67.56	6.86
Q9UUN5	14.96	69.87	116.18	8.52
O13696	327.31	113.89	63.00	773.82
P36584	426.63	707.07	1233.66	136.36
Q10157	657.33	1974.52	2225.61	183.79
O94435	0.00	102.50	10.25	0.00
P36629	34.23	201.01	73.79	22.19
Q9P371	0.00	24.93	3.36	22.39
O94622	29.56	42.17	16.35	1.59
P18172	0.00	0.00	0.00	92.68
Q9Y7N4	17.97	31.12	6.21	75.03
P87139	80.73	10.91	14.25	323.36
Q9HDX6	10.51	0.00	66.77	196.30
O13749	91.68	112.74	26.71	242.62
Q9Y7X7	0.69	0.00	45.20	0.00
O59826	202.96	34.77	18.59	198.37
c4351_g1_i1	18.42	14.81	7.92	150.57
O13917	34.44	113.61	204.04	23.10
O59852	1984.15	18.95	13.24	1115.88
Q9P779	32.36	24.46	3.61	52.05
c5036_g1_i1	2245.52	710.44	239.09	6969.63
Q9UUD6	49.97	15.12	23.42	141.24
Q9P7D9	22.37	23.87	3.83	87.99
c4712_g1_i2	3.81	3.56	1.19	58.51
O60077	85.26	104.46	10.42	163.48
Q96TL7	0.00	48.22	7.23	0.00
O74992	106.06	227.29	4.84	1075.51
Q9P6Q5	28.34	72.28	131.23	7.24
O74412	19.10	4.41	6.86	65.85
Q8NKC1	44.68	17.15	11.20	127.63
Q09740	0.00	0.00	0.00	12.61
Q96TL7	14.77	0.00	0.00	18.12
O13709	60.78	40.10	12.27	125.69
O59746	49.75	11.85	41.20	136.87
Q01682	15.82	32.99	82.86	6.59
O13938	20.09	11.78	2.52	58.16
c4754_g2_i1	119.05	0.00	0.00	5.29
O94322	1068.61	473.17	13.28	723.15
O94641	589.36	4900.68	69.15	294.21
O43066	10.28	0.02	7.46	59.67
c5021_g1_i1	5.16	74.06	0.00	12.65
Q10232	704.08	2250.47	1783.96	283.16
O74887	2052.39	12732.46	1417.39	1760.01
O14400	1060.50	111.38	22.18	59.78
Q5UQ88	90.90	510.34	780.58	65.62
c6166_g1_i1	813.05	287.41	12.72	5752.11
O14469	176.37	418.99	703.48	26.43
O94632	123.36	8.53	12.68	64.69
O74442	0.00	18.35	25.69	44.36
c6016_g1_i1	1362.26	3992.17	3521.94	450.13
G2TRT0	19.45	65.48	0.00	29.99
Q9P5N2	11.66	49.71	88.76	1.67
Q9HDZ2	8.83	0.00	0.00	14.45
P40373	53.71	176.74	379.47	37.12
Q9Y7N9	4.00	0.00	0.00	25.67
c2018_g1_i2	18.39	19.74	0.00	61.54
O60119	20.96	56.32	3.52	157.71
O94300	17.05	29.72	159.65	14.11
c4743_g1_i2	181.31	158.03	0.00	24.00
O13692	55.90	101.96	212.61	20.67
O94664	15.72	19.48	0.50	0.00
O74402	169.69	2077.10	67.61	94.50
P40376	279.73	203.58	22.52	115.09
Q9P7G9	59.88	319.01	292.74	10.88
c5229_g1_i1	517.33	2381.85	24.39	330.96
Q09819	0.00	184.64	13.36	0.00
Q9HFF2	1.90	49.35	48.48	9.32
c5428_g1_i1	8.03	0.00	0.00	55.37
Q9Y7P3	21.88	0.00	58.45	25.34
O14137	435.49	60.25	14.55	304.82
Q10107	11.87	62.06	156.51	14.73
Q9URY9	103.60	0.00	0.00	254.38
O74876	18.80	120.05	10.15	5.91
Q10494	1358.85	5111.14	190.36	836.13
Q9UU76	27.12	78.66	171.50	19.94
Q09923	126.73	75.99	45.13	358.61
P32747	37.62	194.40	371.71	51.64
O42890	103.18	9.70	10.91	424.96
O94392	105.03	12.04	29.51	393.28
c974_g1_i1	24.18	70.33	2.43	117.77
O13867	4.29	7.73	1.38	96.26
c5094_g1_i1	32.05	33.16	6.62	87.64
Q10488	346.33	670.85	21.30	249.89
P24782	0.00	0.00	201.67	20.00
O59794	278.69	858.80	1438.71	85.03
c3086_g3_i1	43.47	13.91	23.78	185.77
Q9P371	38.43	0.00	10.22	61.93
Q9HDU2	404.14	79.26	36.55	62.06
O13944	0.00	18.90	0.00	0.00
Q9USM2	594.98	162.52	14.72	642.97
O14201	506.15	5.83	17.38	309.02
Q10242	826.93	118.63	68.55	573.41
O43070	14.67	10.61	0.00	31.85
O13693	136.64	72.76	12.22	158.86
O94570	16.72	6.49	12.15	90.75
O42848	1201.93	2859.50	3057.57	344.35
P87133	284.65	442.05	15.47	348.17
O94681	384.76	133.81	106.52	826.08
c4745_g8_i1	15.54	110.42	5.20	7.56
Q9C105	5.22	18.25	73.44	0.00
Q9C0Q1	63.18	360.00	258.57	29.70
O13896	11.63	30.40	116.67	8.49
P78890	7084.80	1881.79	28.52	2506.47
O42699	456.08	1302.34	1251.75	100.40
c3267_g1_i1	47.61	8.38	1.99	281.76
O14150	833.21	2169.42	2399.21	176.64
Q9P3W2	4.31	91.05	4.33	7.35
O94340	12.81	222.28	8.56	25.30
P87293	57.43	45.55	10.50	93.05
Q09686	485.06	172.61	23.60	1359.74
O13944	52.26	8.62	57.49	128.51
O74867	60.94	13.66	27.59	157.61
Q9UU78	343.51	1109.67	1246.38	127.21
O36032	1354.49	2192.25	229.02	1018.28
Q09679	22.29	5.02	0.00	63.78
P78946	1539.59	6177.03	4900.92	458.94
c3847_g1_i1	7.19	128.87	5.73	2.90
Q9P7D9	105.98	3.95	0.00	60.59
P55306	1594.30	1213.81	26.20	602.80
Q09910	63.95	30.41	90.58	369.11
Q9UQY9	15.70	57.83	36.59	1.89
Q10281	1622.27	4479.84	4113.06	539.82
Q9Y6Z9	20.58	26.41	387.37	4.95
c4733_g1_i2	0.00	140.80	0.00	0.00
c241_g1_i2	9.79	0.01	7.84	37.08
c4743_g1_i1	680.35	1067.14	114.89	171.88
O74312	7.23	101.52	0.00	0.00
Q9P7H9	61.42	14.21	34.18	131.98
O74383	98.11	11.51	3.28	583.13
O14123	39.43	105.35	8.79	22.21
Q1MTS0	11.91	35.82	122.23	26.01
Q9Y815	157.05	267.76	14.09	178.31
Q9P775	13.02	84.74	152.89	22.73
P36582	34.12	243.83	22.93	24.71
O59827	315.62	48.50	25.14	207.27
P40903	670.42	221.22	56.72	612.59
Q9UT79	0.00	33.81	0.00	22.50
Q09919	8.07	11.36	519.13	5.30
O60057	451.53	252.40	15.40	407.44
Q9HFE8	1.12	61.61	0.00	1.15
O94592	79.39	12.81	26.83	290.35
Q10361	28.63	0.00	30.24	80.76
Q9P7U2	448.94	640.16	169.88	40.81
O14345	84.90	57.62	20.53	172.89
Q9UTI9	807.31	34.61	15.82	1449.08
Q7LKX0	148.52	52.57	96.60	501.69
P53693	5339.15	3244.36	227.27	3238.78
Q9UTE6	13.26	56.01	143.03	14.68
c1717_g1_i1	4.63	9.56	0.00	49.76
c4913_g1_i1	816.41	3451.39	1395.82	366.56
Q9UTE7	20.34	0.00	15.16	3.76
O74899	6.49	2.33	10.07	213.78
O14015	586.89	18.27	7.15	1479.83
O74752	101.49	1484.17	384.86	21.08
O14143	75.53	31.66	0.00	625.60
O94611	15.65	44.06	0.00	18.32
Q9P7F4	244.58	326.16	14.91	125.65
O14388	1080.59	2998.67	3045.40	228.74
O13339	17.42	0.00	11.55	16.31
O94515	0.00	0.00	0.00	35.87
c2937_g2_i1	7.42	26.84	5.31	122.35
O14368	6533.07	16789.56	100.46	19091.05
O94396	3.58	17.61	72.63	8.22
O59698	7.25	1.46	63.39	20.11
O14081	504.65	1014.83	105.51	195.16
Q9URY5	21.08	28.57	0.00	6.06
O94298	113.98	63.41	108.45	515.14
G2TRR9	9.48	0.00	1.66	210.69
O14088	297.36	1151.15	8.80	114.86
O14059	2.26	0.00	0.00	15.87
P32586	170.12	192.72	5.49	55.97
Q9URW3	67.70	15.09	4.71	237.69
Q10202	8.62	34.88	252.35	19.82
Q9USZ7	0.00	16.35	5.17	27.79
O13801	18.61	26.82	133.78	15.40
Q10265	1493.30	6656.33	22.73	525.74
P17610	5.04	0.00	0.00	143.70
O74775	121.84	138.16	35.03	409.98
Q9UT29	71.83	0.00	53.68	67.31
Q09817	9.64	51.58	107.70	19.05
O13702	2740.62	301.18	16.77	1178.36
Q09799	6.89	48.52	93.63	12.46
O42885	17.66	6.48	250.23	57.65
Q9URX4	10.13	43.56	2.26	10.93
Q10108	144.69	162.91	44.37	370.06
O74306	592.32	1584.65	1847.99	172.91
O74876	0.00	172.63	2.49	0.00
Q9P7T9	27.23	0.00	12.87	13.85
O60103	0.00	120.50	0.00	0.00
O74333	64.32	38.62	0.00	17.46
P79081	87.63	232.67	101.82	18.53
Q9P380	121.42	17.29	274.54	35.86
O42873	220.63	11.07	5.10	579.46
Q9HDY5	23.62	551.53	19.99	26.39
P87229	16.32	18.00	1.09	41.29
O74780	44.50	1.23	12.25	79.36
Q09918	13.28	3.11	3.33	73.50
Q9Y819	0.00	0.00	0.00	15.28
Q8TGM7	1172.28	4467.16	497.72	3369.76
Q9P7T9	6.52	2.18	0.00	366.75
P36604	350.67	1862.20	606.22	64.62
Q10092	60.59	759.90	64.03	18.80
Q9P7G0	11.30	24.52	122.79	17.80
c4491_g1_i1	249.96	1037.83	654.60	56.87
O14082	470.80	194.48	20.78	0.00
O59868	0.03	41.36	5.00	22.21
O94421	0.00	5.95	4.26	23.07
Q9P768	158.39	7.64	25.17	379.50
O13791	214.07	1685.05	82.76	154.48
c4605_g1_i1	1459.10	6902.64	404.54	4290.48
Q92341	0.00	3.52	82.79	2.56
Q09816	42.47	151.26	236.46	22.14
Q9URU9	44.16	29.83	7.97	91.15
O14091	125.12	271.18	24.34	66.53
O42991	360.47	928.51	995.32	115.37
O13844	6.56	73.88	125.05	15.64
C6Y4D4	61.02	12.27	23.32	996.96
O59824	43.11	8.26	0.00	11.02
O42634	40.70	199.01	22.14	14.10
Q9C1X5	195.91	78.41	23.33	191.43
O14014	57.57	5.94	6.16	77.26
Q9USX0	0.00	0.00	0.00	48.36
O14017	10.57	13.27	23.91	0.00
Q9P6J3	92.91	13.06	9.43	82.06
O42973	51.84	139.70	8.88	112.41
O14463	987.51	5190.95	806.88	250.29
O74770	500.48	328.06	14.52	39.79
P41390	14.03	9.94	0.00	37.59
Q9URZ0	33.35	4.17	0.74	68.17
Q9UTK0	7.71	46.65	95.87	14.18
Q92354	395.39	941.17	1593.85	40.78
O74521	45.32	36.92	5.09	137.62
O13741	9.32	106.78	116.82	11.56
O42914	1059.64	1567.39	2337.59	192.46
Q92383	18.41	30.49	3.26	57.56
O14112	412.56	1232.47	1761.92	168.36
P87115	11.49	46.21	109.92	9.65
Q96WU9	489.05	128.59	5.00	838.69
Q9UUI7	546.50	456.85	14.98	126.57
c5059_g1_i1	430.65	1062.94	38.68	591.12
Q7Z995	33.78	14.07	0.00	71.48
O14034	46.92	24.01	10.69	658.08
O43012	0.00	18.87	22.68	0.00
Q9HDX3	168.07	3.38	2.41	2637.38
Q9P4W9	481.31	862.76	1497.02	130.68
O60144	814.52	2415.67	2300.68	250.33
Q10211	291.43	117.69	2.88	274.33
O94338	144.94	34.59	18.11	270.59
Q9UTM8	1393.40	44.17	8.04	130.41
O94695	0.03	43.16	0.00	0.00
O74766	101.86	472.24	833.38	56.12
Q10342	6.85	21.56	57.83	4.53
Q9UT56	227.31	1054.67	1278.23	38.96
Q09676	31.08	56.87	630.78	131.27
c5878_g1_i1	589.04	23.19	2.07	917.58
O74382	2.18	0.00	7.84	50.53
Q09741	194.41	683.76	773.81	54.45
Q9UT79	24.92	0.00	16.32	0.00
O14277	460.83	1064.27	1722.05	230.43
Q8WZK4	8.32	103.13	0.19	3.67
O42662	8.15	5.23	0.00	27.76
Q9US41	13.90	37.48	2.32	144.94
c1393_g1_i1	223.38	991.51	512.12	107.86
Q09864	0.00	23.80	12.27	39.51
c1593_g2_i1	0.00	126.80	0.00	0.00
P57728	162.85	343.78	436.35	11.89
Q9URX9	5.63	22.79	80.50	20.86
c2316_g2_i1	54.09	2.48	13.56	15.62
O74538	505.64	1931.57	1847.00	102.13
Q10487	9.97	27.61	0.00	18.75
c4469_g2_i1	15.02	80.03	7.53	116.50
O60100	8.54	24.04	63.63	3.74
c2191_g1_i1	2.10	2.50	0.00	206.95
Q10212	58.56	12.77	2.48	87.65
c6147_g1_i1	4.31	6.07	1.44	55.82
O94426	532.21	619.21	88.42	59.22
P36624	203.12	57.36	14.07	123.58
O59759	38.52	0.00	15.64	108.19
Q9P6M1	590.63	268.07	44.95	354.10
P25457	325.25	1165.18	1580.30	172.65
O74401	44.56	202.28	17.56	28.61
O14169	245.72	149.60	29.08	516.98
c5499_g1_i1	134.61	17.65	13.72	331.51
Q9P7S1	10.07	21.83	0.00	0.13
Q9UT45	2.77	11.27	117.10	3.15
O94723	655.44	141.99	34.17	1157.41
c712_g1_i1	169.92	1267.58	385.45	86.12
P79057	442.51	1666.69	1709.06	123.91
P87143	16.22	17.10	0.00	25.22
Q9UTL8	0.00	0.00	12.05	0.00
c1381_g1_i1	153.69	355.05	490.04	56.30
c2826_g1_i2	3.02	89.71	2.60	0.00
Q11004	365.36	2400.00	474.43	26.93
G2TRR9	57.96	25.97	0.00	324.59
Q92365	582.40	2148.51	2358.76	281.78
O43090	695.83	182.61	80.38	1575.00
Q9C0Y7	411.87	3095.41	213.39	1531.79
O94590	0.00	0.00	0.00	26.01
Q9USG6	670.13	2760.32	2447.34	175.58
Q9HDX2	75.56	1.82	11.24	174.22
Q9P7C0	11.15	56.49	117.43	17.09
Q9US43	21.47	46.05	5.13	79.41
O43030	189.06	4286.38	195.05	57.96
Q9P7G6	40.65	38.37	135.73	10.64
O13788	0.00	34.96	0.00	3.75